

===== Model 1 =====
              precision    recall  f1-score   support

 alternative      0.792     0.848     0.819      7051
       blues      0.880     0.828     0.853      1082
   classical      0.834     0.838     0.836      7257
     country      0.950     0.849     0.897       584
  electronic      0.810     0.805     0.807     28055
        folk      0.882     0.872     0.877      3969
      hiphop      0.854     0.834     0.844      4091
  industrial      0.909     0.830     0.868       879
        jazz      0.849     0.855     0.852      2706
      lounge      0.820     0.784     0.802      2259
       metal      0.928     0.853     0.889      1673
         pop      0.545     0.881     0.673     15744
        punk      0.889     0.877     0.883       729
      reggae      0.893     0.861     0.877      1452
         rnb      0.836     0.828     0.832      1996
        rock      0.785     0.778     0.782      8890
  soundtrack      0.674     0.851     0.752      8094
       world      0.831     0.810     0.821      3667

   micro avg      0.747     0.832     0.787    100178
   macro avg      0.831     0.838     0.831    100178
weighted avg      0.769     0.832     0.793    100178
 samples avg      0.772     0.854     0.785    100178


===== Model 2 =====
              precision    recall  f1-score   support

 alternative      0.802     0.859     0.830      7051
       blues      0.888     0.823     0.855      1082
   classical      0.867     0.876     0.872      7257
     country      0.967     0.842     0.900       584
  electronic      0.821     0.804     0.812     28055
        folk      0.879     0.893     0.886      3969
      hiphop      0.878     0.851     0.864      4091
  industrial      0.946     0.833     0.886       879
        jazz      0.865     0.856     0.860      2706
      lounge      0.843     0.813     0.828      2259
       metal      0.904     0.870     0.886      1673
         pop      0.595     0.913     0.720     15744
        punk      0.880     0.871     0.875       729
      reggae      0.911     0.860     0.885      1452
         rnb      0.866     0.829     0.847      1996
        rock      0.826     0.859     0.842      8890
  soundtrack      0.759     0.857     0.805      8094
       world      0.862     0.819     0.840      3667

   micro avg      0.781     0.851     0.814    100178
   macro avg      0.853     0.852     0.850    100178
weighted avg      0.797     0.851     0.818    100178
 samples avg      0.805     0.871     0.814    100178


===== Model 3 =====
              precision    recall  f1-score   support

 alternative      0.834     0.851     0.842      7051
       blues      0.890     0.817     0.852      1082
   classical      0.854     0.876     0.864      7257
     country      0.952     0.851     0.899       584
  electronic      0.832     0.787     0.809     28055
        folk      0.894     0.885     0.890      3969
      hiphop      0.877     0.845     0.861      4091
  industrial      0.945     0.837     0.888       879
        jazz      0.858     0.858     0.858      2706
      lounge      0.849     0.819     0.834      2259
       metal      0.932     0.863     0.896      1673
         pop      0.610     0.911     0.731     15744
        punk      0.903     0.864     0.883       729
      reggae      0.916     0.864     0.889      1452
         rnb      0.880     0.825     0.852      1996
        rock      0.850     0.843     0.846      8890
  soundtrack      0.736     0.867     0.796      8094
       world      0.860     0.823     0.841      3667

   micro avg      0.790     0.844     0.816    100178
   macro avg      0.860     0.849     0.852    100178
weighted avg      0.806     0.844     0.819    100178
 samples avg      0.811     0.864     0.814    100178


===== Model 4 =====
              precision    recall  f1-score   support

 alternative      0.795     0.863     0.828      7051
       blues      0.898     0.821     0.858      1082
   classical      0.860     0.870     0.865      7257
     country      0.922     0.854     0.887       584
  electronic      0.830     0.797     0.813     28055
        folk      0.896     0.891     0.893      3969
      hiphop      0.876     0.849     0.863      4091
  industrial      0.950     0.835     0.889       879
        jazz      0.886     0.859     0.872      2706
      lounge      0.872     0.811     0.841      2259
       metal      0.921     0.867     0.893      1673
         pop      0.648     0.902     0.754     15744
        punk      0.901     0.872     0.886       729
      reggae      0.905     0.860     0.882      1452
         rnb      0.883     0.831     0.856      1996
        rock      0.829     0.862     0.845      8890
  soundtrack      0.746     0.866     0.802      8094
       world      0.869     0.817     0.842      3667

   micro avg      0.798     0.848     0.822    100178
   macro avg      0.860     0.852     0.854    100178
weighted avg      0.809     0.848     0.824    100178
 samples avg      0.819     0.867     0.821    100178


===== Model 5 =====
              precision    recall  f1-score   support

 alternative      0.843     0.851     0.847      7051
       blues      0.885     0.819     0.851      1082
   classical      0.890     0.833     0.860      7257
     country      0.947     0.853     0.897       584
  electronic      0.809     0.818     0.813     28055
        folk      0.889     0.884     0.886      3969
      hiphop      0.876     0.848     0.862      4091
  industrial      0.955     0.829     0.888       879
        jazz      0.873     0.853     0.863      2706
      lounge      0.840     0.806     0.823      2259
       metal      0.934     0.854     0.892      1673
         pop      0.605     0.905     0.725     15744
        punk      0.879     0.877     0.878       729
      reggae      0.898     0.866     0.882      1452
         rnb      0.853     0.836     0.844      1996
        rock      0.856     0.825     0.840      8890
  soundtrack      0.768     0.825     0.796      8094
       world      0.879     0.812     0.844      3667

   micro avg      0.788     0.843     0.815    100178
   macro avg      0.860     0.844     0.850    100178
weighted avg      0.805     0.843     0.819    100178
 samples avg      0.810     0.863     0.814    100178


===== Model 6 =====
              precision    recall  f1-score   support

 alternative      0.807     0.860     0.833      7051
       blues      0.865     0.826     0.845      1082
   classical      0.871     0.866     0.868      7257
     country      0.938     0.848     0.890       584
  electronic      0.829     0.793     0.811     28055
        folk      0.895     0.885     0.890      3969
      hiphop      0.873     0.855     0.864      4091
  industrial      0.960     0.838     0.895       879
        jazz      0.871     0.860     0.865      2706
      lounge      0.857     0.814     0.835      2259
       metal      0.923     0.870     0.896      1673
         pop      0.599     0.910     0.722     15744
        punk      0.923     0.855     0.887       729
      reggae      0.891     0.868     0.879      1452
         rnb      0.860     0.835     0.847      1996
        rock      0.819     0.854     0.836      8890
  soundtrack      0.757     0.861     0.806      8094
       world      0.873     0.824     0.848      3667

   micro avg      0.785     0.847     0.814    100178
   macro avg      0.856     0.851     0.851    100178
weighted avg      0.801     0.847     0.818    100178
 samples avg      0.807     0.867     0.813    100178


===== Model 7 =====
              precision    recall  f1-score   support

 alternative      0.819     0.857     0.838      7051
       blues      0.896     0.823     0.858      1082
   classical      0.863     0.881     0.872      7257
     country      0.956     0.848     0.898       584
  electronic      0.825     0.804     0.814     28055
        folk      0.894     0.891     0.892      3969
      hiphop      0.881     0.849     0.865      4091
  industrial      0.932     0.833     0.880       879
        jazz      0.855     0.863     0.859      2706
      lounge      0.854     0.811     0.832      2259
       metal      0.928     0.841     0.882      1673
         pop      0.632     0.902     0.744     15744
        punk      0.887     0.871     0.879       729
      reggae      0.912     0.866     0.888      1452
         rnb      0.847     0.830     0.838      1996
        rock      0.866     0.839     0.852      8890
  soundtrack      0.722     0.872     0.790      8094
       world      0.877     0.815     0.845      3667

   micro avg      0.794     0.848     0.820    100178
   macro avg      0.858     0.850     0.851    100178
weighted avg      0.807     0.848     0.823    100178
 samples avg      0.815     0.868     0.819    100178


===== Model 8 =====
              precision    recall  f1-score   support

 alternative      0.807     0.851     0.829      7051
       blues      0.902     0.815     0.856      1082
   classical      0.854     0.836     0.845      7257
     country      0.932     0.846     0.887       584
  electronic      0.813     0.800     0.807     28055
        folk      0.874     0.883     0.878      3969
      hiphop      0.861     0.848     0.854      4091
  industrial      0.934     0.833     0.880       879
        jazz      0.855     0.853     0.854      2706
      lounge      0.824     0.807     0.816      2259
       metal      0.929     0.858     0.892      1673
         pop      0.535     0.909     0.673     15744
        punk      0.892     0.861     0.876       729
      reggae      0.891     0.863     0.877      1452
         rnb      0.801     0.833     0.817      1996
        rock      0.779     0.830     0.804      8890
  soundtrack      0.730     0.836     0.779      8094
       world      0.860     0.810     0.834      3667

   micro avg      0.751     0.840     0.793    100178
   macro avg      0.837     0.843     0.837    100178
weighted avg      0.776     0.840     0.800    100178
 samples avg      0.777     0.860     0.791    100178


===== Model 9 =====
              precision    recall  f1-score   support

 alternative      0.820     0.849     0.834      7051
       blues      0.884     0.823     0.852      1082
   classical      0.847     0.864     0.855      7257
     country      0.959     0.844     0.898       584
  electronic      0.817     0.810     0.814     28055
        folk      0.886     0.887     0.886      3969
      hiphop      0.888     0.841     0.864      4091
  industrial      0.940     0.838     0.886       879
        jazz      0.839     0.861     0.850      2706
      lounge      0.831     0.814     0.822      2259
       metal      0.902     0.873     0.887      1673
         pop      0.570     0.912     0.701     15744
        punk      0.905     0.859     0.881       729
      reggae      0.891     0.861     0.876      1452
         rnb      0.869     0.832     0.850      1996
        rock      0.812     0.836     0.824      8890
  soundtrack      0.737     0.849     0.789      8094
       world      0.820     0.832     0.826      3667

   micro avg      0.767     0.848     0.806    100178
   macro avg      0.845     0.849     0.844    100178
weighted avg      0.787     0.848     0.811    100178
 samples avg      0.794     0.868     0.805    100178


===== Model 10 =====
              precision    recall  f1-score   support

 alternative      0.821     0.858     0.839      7051
       blues      0.873     0.825     0.848      1082
   classical      0.860     0.867     0.863      7257
     country      0.950     0.853     0.899       584
  electronic      0.826     0.798     0.812     28055
        folk      0.895     0.891     0.893      3969
      hiphop      0.867     0.860     0.863      4091
  industrial      0.945     0.837     0.888       879
        jazz      0.873     0.852     0.862      2706
      lounge      0.841     0.819     0.830      2259
       metal      0.920     0.871     0.895      1673
         pop      0.607     0.903     0.726     15744
        punk      0.908     0.857     0.882       729
      reggae      0.893     0.864     0.878      1452
         rnb      0.852     0.829     0.840      1996
        rock      0.840     0.840     0.840      8890
  soundtrack      0.719     0.871     0.788      8094
       world      0.860     0.828     0.844      3667

   micro avg      0.784     0.847     0.814    100178
   macro avg      0.853     0.851     0.849    100178
weighted avg      0.799     0.847     0.818    100178
 samples avg      0.807     0.867     0.813    100178
